%Loading Case (lbs)	F0 (lbf)	F1 (lbf)	F2 (lbf)	F3D (lbf)	LVDT (in)	%9/29/20218:20 PM
0.000	-0.769	1.215	-0.283	-97.134	-0.000
0.000	-0.781	1.216	-0.272	-97.090	-0.000
0.000	-0.781	1.226	-0.274	-97.011	-0.000
0.000	-0.779	1.226	-0.272	-97.040	-0.000
0.000	-0.768	1.225	-0.275	-97.107	-0.000
0.000	-0.770	1.228	-0.278	-97.079	-0.000
0.000	-0.772	1.226	-0.285	-97.067	-0.000
0.000	-0.770	1.207	-0.274	-97.095	-0.000
0.000	-0.776	1.227	-0.272	-97.089	-0.000
0.000	-0.775	1.212	-0.271	-97.147	-0.000
10.000	1.372	4.395	4.837	-81.496	-0.003
10.000	1.379	4.412	4.847	-81.510	-0.003
10.000	1.368	4.393	4.832	-81.441	-0.003
10.000	1.375	4.399	4.837	-81.562	-0.003
10.000	1.371	4.387	4.835	-81.421	-0.003
10.000	1.386	4.395	4.837	-81.438	-0.003
10.000	1.380	4.400	4.832	-81.504	-0.003
10.000	1.376	4.394	4.835	-81.392	-0.003
10.000	1.378	4.392	4.842	-81.534	-0.003
10.000	1.387	4.398	4.841	-81.454	-0.003
20.000	3.032	7.864	10.248	-65.793	-0.008
20.000	3.039	7.865	10.254	-65.849	-0.008
20.000	3.032	7.872	10.255	-65.750	-0.008
20.000	3.044	7.874	10.244	-65.862	-0.008
20.000	3.034	7.848	10.249	-65.854	-0.008
20.000	3.025	7.855	10.246	-65.856	-0.008
20.000	3.029	7.858	10.244	-65.812	-0.008
20.000	3.030	7.860	10.254	-65.788	-0.008
20.000	3.035	7.876	10.252	-65.933	-0.008
20.000	3.037	7.866	10.250	-65.862	-0.008
30.000	5.709	10.920	15.036	-54.039	-0.014
30.000	5.709	10.933	15.057	-54.002	-0.014
30.000	5.716	10.919	15.061	-54.114	-0.014
30.000	5.712	10.932	15.044	-54.149	-0.014
30.000	5.716	10.933	15.058	-54.130	-0.014
30.000	5.703	10.932	15.046	-54.036	-0.014
30.000	5.731	10.917	15.052	-54.148	-0.014
30.000	5.727	10.929	15.053	-54.058	-0.014
30.000	5.712	10.933	15.052	-54.136	-0.014
30.000	5.716	10.932	15.049	-54.129	-0.014
40.000	7.307	14.632	20.341	-40.806	-0.022
40.000	7.364	14.689	20.440	-40.668	-0.022
40.000	7.342	14.698	20.444	-40.534	-0.022
40.000	7.305	14.659	20.364	-40.725	-0.022
40.000	7.319	14.681	20.402	-40.650	-0.022
40.000	7.334	14.709	20.453	-40.577	-0.022
40.000	7.303	14.688	20.394	-40.646	-0.022
40.000	7.290	14.678	20.385	-40.700	-0.022
40.000	7.312	14.700	20.412	-40.644	-0.022
40.000	7.302	14.698	20.410	-40.672	-0.022
50.000	9.388	18.225	25.324	-30.942	-0.034
50.000	9.377	18.224	25.300	-30.967	-0.034
50.000	9.386	18.202	25.304	-30.869	-0.034
50.000	9.410	18.205	25.327	-30.811	-0.034
50.000	9.428	18.232	25.360	-30.782	-0.035
50.000	9.424	18.231	25.375	-30.773	-0.035
50.000	9.415	18.255	25.373	-30.823	-0.035
50.000	9.426	18.231	25.372	-30.811	-0.035
50.000	9.424	18.240	25.362	-30.782	-0.035
50.000	9.408	18.231	25.345	-30.867	-0.035
40.000	7.386	14.601	20.393	-40.089	-0.023
40.000	7.386	14.606	20.404	-40.028	-0.023
40.000	7.394	14.609	20.404	-40.059	-0.023
40.000	7.393	14.602	20.397	-40.041	-0.023
40.000	7.386	14.588	20.397	-40.073	-0.023
40.000	7.392	14.615	20.397	-40.083	-0.023
40.000	7.389	14.601	20.406	-40.049	-0.023
40.000	7.386	14.603	20.397	-40.023	-0.023
40.000	7.390	14.606	20.397	-40.041	-0.023
40.000	7.396	14.613	20.413	-40.087	-0.023
30.000	5.799	10.899	15.044	-53.081	-0.014
30.000	5.742	10.934	15.014	-53.038	-0.014
30.000	5.745	10.967	15.076	-52.990	-0.014
30.000	5.776	10.889	15.012	-53.007	-0.014
30.000	5.786	10.935	15.069	-52.937	-0.014
30.000	5.744	10.932	15.032	-53.057	-0.014
30.000	5.782	10.940	15.080	-52.984	-0.014
30.000	5.754	10.964	15.062	-53.044	-0.014
30.000	5.744	10.932	15.025	-53.067	-0.014
30.000	5.764	10.948	15.061	-53.013	-0.014
20.000	3.119	7.917	10.321	-65.028	-0.008
20.000	3.101	7.943	10.324	-65.166	-0.008
20.000	3.070	7.923	10.274	-65.247	-0.008
20.000	3.104	7.929	10.307	-65.167	-0.008
20.000	3.041	7.919	10.217	-65.396	-0.008
20.000	3.038	7.917	10.219	-65.423	-0.008
20.000	3.058	7.901	10.216	-65.325	-0.008
20.000	3.067	7.904	10.234	-65.391	-0.008
20.000	3.085	7.912	10.283	-65.230	-0.008
20.000	3.046	7.916	10.235	-65.378	-0.008
10.000	1.419	4.407	4.813	-80.891	-0.004
10.000	1.437	4.391	4.815	-80.890	-0.004
10.000	1.450	4.401	4.837	-80.930	-0.004
10.000	1.414	4.410	4.817	-80.942	-0.004
10.000	1.428	4.408	4.820	-80.875	-0.004
10.000	1.443	4.409	4.837	-80.846	-0.004
10.000	1.430	4.407	4.826	-80.841	-0.004
10.000	1.437	4.409	4.845	-80.880	-0.004
10.000	1.441	4.400	4.838	-80.844	-0.004
10.000	1.437	4.416	4.833	-80.825	-0.004
0.000	-0.809	1.194	-0.279	-97.240	0.000
0.000	-0.806	1.206	-0.275	-97.273	0.000
0.000	-0.809	1.209	-0.279	-97.240	0.000
0.000	-0.804	1.215	-0.283	-97.265	0.000
0.000	-0.811	1.207	-0.279	-97.244	0.000
0.000	-0.811	1.202	-0.279	-97.261	0.000
0.000	-0.811	1.205	-0.272	-97.241	0.000
0.000	-0.807	1.212	-0.268	-97.227	0.000
0.000	-0.808	1.215	-0.270	-97.231	0.000
0.000	-0.803	1.209	-0.273	-97.271	0.000
